00001 0 1 2 3 4
00002 0 1 2 3
00003 0 1 2 3 5
00004 0 1 2 3 5
00005 0 2 3
00006 0 2 3 5
00007 0 2 3 5
00008 0 2 3 5
00009 0 2 5
00010 0 2 3
00011 0 1 2 3 4 5
00012 0 1 2 3 5
00013 0 1 2 3 5
00014 1 2 3 5
00015 2
00016 0 1 2 3 5
00017 0 1 2 3 5
00018 0 1 2 3 5
00019 0 1 2 3 4
00020 0 2 3 4
00021 0 1 2 3
00022 1 2 3 5
00023 1 2 3 5
00024 2 3 5
00025 2 5
00026 2 5
00027 1 2 4 5
00028 1 4 5
00029 0 1 2 5
00030 0 2 3 4 5
00031 0 1 2 3 5
00032 2 3 5
00033 0 2 3 4
00034 2 3 5
00035 2 5
00036 2 5
00037 2 5
00038 0 1 5
00039 0 1 4 5
00040 2 3 4 5
00041 2 3 5
00042 0 2 3
00043 0 1 2 4 5
00044 0 1 2 4 5
00045 0 2 4 5
00046 0 2 4 5
00047 1 2 5
00048 0 1 5
00049 0 1 2 3 4 5
00050 2 3 5
00051 2 3 5
00052 0 2 4 5
00053 0 1 2 4
00054 0 1 2 3 4 5
00055 0 1 2 4 5
00056 0 1 2 4 5
00057 0 1 2 4 5
00058 0 1 2 4 5
00059 0 1 2 3 4 5
00060 0 2 3 5
00061 2 4 5
00062 0 1 2 4 5
00063 0 1 2
00064 0 1 2 4 5
00065 0 1 2 4 5
00066 0 1 2 4 5
00067 0 1 2 3 4 5
00068 0 1 2 4
00069 0 1 2 3 4 5
00070 0 2 3 5
00071 0 1 2 4 5
00072 0 1 2 4 5
00073 0 1 2 4 5
00074 0 1 2 4 5
00075 0 1 2 4 5
00076 0 1 2 3
00077 0 1 2 5
00078 0 1 2 4
00079 0 2 3 4 5
00080 0 1 2 3 4 5
00081 0 1 2 3 4
00082 0 1 2 3 4
00083 0 1 2 5
00084 0 1 2 5
00085 0 1 2 3 5
00086 0 1 2 4 5
00087 0 1 2 4 5
00088 0 1 2 3 4 5
00089 0 2 3 4 5
00090 0 1 2 3 4 5
00091 0 1 2 4
00092 0 1 2 3 4 5
00093 0 1 2 3 5
00094 0 1 2 3 5
00095 0 1 2 3 5
00096 0 1 2 3 5
00097 0 1 2 3 4 5
00098 0 2 3 4 5
00099 0 1 2 3 4 5
00100 0 1 2 4 5
00101 2 3 5
00102 0 2 3 4 5
00103 0
00104 0 2 3 4
00105 0 2 3 4
00106 0 2 3 4
00107 0 1 2 3 5
00108 0 1 2 3 5
00109 0 1 2 3 5
00110 0 1 2 3 4 5
00111 0 2 3
00112 0 2 3 5
00113 0 2 3
00114 0 2 3 4 5
00115 0 1 2 3 4 5
00116 0 2 3 4 5
00117 0 2 3 5
00118 0 2 5
00119 0 1 2 5
00120 0 1 2 4
00121 0 2 3 4
00122 0 2 3 4 5
00123 0 2 3 4 5
00124 0 1 2 3
00125 0 1 2 3 5
00126 0 2 3 4 5
00127 2 3 5
00128 4 5
00129 0 1 2 5
00130 0 1 2 3 4 5
00131 2 3 5
00132 0 2 3 4 5
00133 0 2 3 4 5
00134 0 1 2 3 4
00135 0 1 2 3 4
00136 0 2 3 4 5
00137 0 2 3 5
00138 2 3 5
00139 2 3 5
00140 0 1 2 3 4 5
00141 0 2 3 4 5
00142 0 1 2 3 5
00143 0 1 2 3 4 5
00144 0 1 2 3 5
00145 0 1 2 3 5
00146 0 1 2 3 4 5
00147 0 2 3 4
00148 0 2 3 4 5
00149 0 2 3 4 5
00150 0 2 3 4 5
00151 0 2 3 5
00152 0 1 2 3 5
00153 0 1 2 3 4 5
00154 0 1 2 3 5
00155 0 1 2 3 5
00156 0 1 2 3 5
00157 2 3
00158 0 2 3
00159 0 2 3 4
00160 0 1 2 3 4
00161 0 1 2 3 5
00162 0 1 2 3 4 5
00163 0 2 3
00164 0 2 3
00165 0 1 2 3 5
00166 0 1 2 3
00167 2 3
00168 2 3
00169 0 1 2 3 5
00170 0 1 2 3 5
00171 0 1 2 3 5
00172 0 1 2 3 4 5
00173 0 2 3
00174 0 1 2 3
00175 0 1 2 3 5
00176 0 1 2 3
00177 2 3
00178 2 3
00179 0 1 2 3 5
00180 0 1 2 3 5
00181 0 1 2 3 4 5
00182 0 1 2 3 4 5
00183 0 2 3
00184 0 1 2 3
00185 0 1 2 3
00186 0 1 2 3
00187 2 3
00188 2 3
00189 0 1 2 3 4
00190 0 1 2
00191 0 1 2 3 4 5
00192 0 1 2 3 4
00193 0 1 2 3
00194 0 1 2 3 5
00195 0 1 2 3 5
00196 0 1 2 3 4
00197 2 3
00198 2 3
00199 0 1 2 3 4
00200 0 1 2 3
00201 0 1 2 3 4
00202 0 1 2 3 4 5
00203 0 1 2 3 4
00204 0 1 2 3 5
00205 0 1 2 3 4 5
00206 0 2 3 4
00207 0 2 3
00208 2 3 5
00209 0 2 3 4 5
00210 0 1 2 3 5
00211 0 1 2 4
00212 0 1 2 4
00213 0 2 3
00214 0 1 2 3 5
00215 0 1 2 3 4
00216 0 2 3 4
00217 2 3
00218 2 3
00219 0 2 3 4 5
00220 0 1 2 3 5
00221 0 1 2 4
00222 0 1 2 3 4
00223 0 2 3 4
00224 0 1 2 3 5
00225 0 1 2 3 4
00226 0 2 3 4
00227 2 3
00228 2 3
00229 0 2 3 5
00230 0 2 3 4 5
00231 0 1 2 3 4 5
00232 0 2 3 4 5
00233 0 2 3 4
00234 0 1 2 3 5
00235 0 1 2 3 4
00236 0 2 3
00237 1 2 3
00238 0 2 3
00239 0 2 3 5
00240 0 2 3 4 5
00241 2 3 5
00242 0 1 2 3 5
00243 0 2 3 4 5
00244 0 1 2 3 4 5
00245 0 2 3 4
00246 0 1 2 3 5
00247 0 1 2 3 4
00248 0 1 2 3
00249 2 3
00250 0 2 3 4
00251 0 2 3 4 5
00252 0 1 2 3 4 5
00253 0 1 2 3 4 5
00254 0 1 2 3 4 5
00255 0 2 3 4
00256 0 2 3 5
00257 0 1 2 3
00258 0 1 2 3 4 5
00259 2 3 5
00260 0 1 2 3 5
00261 0 1 2 3 5
00262 0 1 2 3 4
00263 0 1 2 3
00264 0 2 3 5
00265 0 2 3 4
00266 0 2 3
00267 2 3 5
00268 2 3
00269 2 3 5
00270 2 3 5
00271 1 2 3 5
00272 0 1 2 3
00273 0 1 2 3
00274 0 2 3 4
00275 0 2 3 4 5
00276 2 3
00277 2 3
00278 2 3
00279 2
00280 2 3 5
00281 1
00282 0 1 2 3 5
00283 0 1 2 3 4
00284 0 2 3 4
00285 0 2 3 4
00286 0 1 2 3 5
00287 1 2 3 5
00288 2 3
00289 2 3
00290 2 3
00291 0 1 2 3 5
00292 0 1 2 3 5
00293 0 2 3
00294 0 2 3 4
00295 0 2 3 4 5
00296 0 1 2 3 4
00297 1 2 3
00298 2 3
00299 2 3
00300 1 2 3
00301 0 2 3 5
00302 0 2 3
00303 0 2 3
00304 0 1 2 3 4 5
00305 0 1 2 3 5
00306 0 1 2 3 5
00307 0 1 2 3 5
00308 0 1 4 5
00309 0 1 2 3 4 5
00310 0 1 2 3 4 5
00311 0 2 3
00312 2 3
00313 0 2 3
00314 0 1 2 3 4 5
00315 0 1 2 3 5
00316 0 1 2 3 4
00317 0 1 2 3 5
00318 0 1 2 3 5
00319 0 1 2 3 4 5
00320 0 1 2 3
00321 2 3
00322 2 3 5
00323 0 2 3
00324 0 1 2 3 4
00325 0 1 2 3 4
00326 0 1 2 3 4 5
00327 0 1 2 3 4
00328 0 1 2 3 4 5
00329 0 1 2 3 4 5
00330 0 1 2 3 4 5
00331 0 2 3
00332 2 3
00333 0 2 3 4
00334 0 1 2 3
00335 0 1 2 3 4 5
00336 0 1 2 3 4 5
00337 0 1 2 3 4 5
00338 0 1 2 3 5
00339 0 1 2 3 4 5
00340 0 1 2 3 4 5
00341 0 1 2 3 4 5
00342 0 1 2 3 4 5
00343 0 1 2 3 4 5
00344 0 1 2 3
00345 0 1 2 3 4 5
00346 0 1 2 3 4 5
00347 0 1 2 3 4 5
00348 0 1 2 3 4
00349 0 1 2 3 4
00350 0 1 2 3
00351 0 1 2 3 4 5
00352 0 1 2 3 4 5
00353 0 1 2 3 4 5
00354 0 1 2 3 4 5
00355 0 1 2 3 5
00356 0 1 2 3 4 5
00357 0 1 2 3 4 5
00358 0 1 2 3 5
00359 0 1 2 3 4 5
00360 0 1 2 3 4 5
00361 0 2 3 4 5
00362 0 2 3 4
00363 0 1 2 3 4 5
00364 0 1 2 3 4 5
00365 0 1 2 3 4
00366 0 1 2 3 5
00367 0 1 2 3 4 5
00368 0 1 2 3 4 5
00369 0 1 2 3 5
00370 0 1 2 4 5
00371 2 3 5
00372 0 2 3 4
00373 0 1 2 3 4 5
00374 0 1 2 3 4 5
00375 0 1 2 3 5
00376 0 1 2 3 4 5
00377 0 1 2 3 4 5
00378 0 1 2 3 4 5
00379 0 1 2 3 4 5
00380 0 1 2 3 4 5
00381 2 3
00382 0 2 3 4 5
00383 0 1 2 3 4 5
00384 0 1 2 3 4 5
00385 0 1 2 3 4 5
00386 0 1 2 3 4 5
00387 0 1 2 3 4 5
00388 0 1 2 3 4 5
00389 0 1 2 3 4 5
00390 0 1 2 3 4 5
00391 0 2 3 4
00392 0 1 2 3 4 5
00393 0 1 2 3 4 5
00394 0 1 2 3 4 5
00395 0 1 2 3 4 5
00396 0 1 2 3 4 5
00397 0 1 2 3 4 5
00398 0 1 2 3 4 5
00399 0 1 2 3 4 5
00400 0 1 2 3 5
00401 0 1 2 3 4 5
00402 0 1 2 3 4
00403 0 1 2 3 4 5
00404 0 2 3
00405 0 2 3
00406 0 2 3
00407 0 1 2 3
00408 0 1 2 3 5
00409 0 2 3
00410 0 1 2 3
00411 0 1 2 3 5
00412 0 2 3 5
00413 0 2 3 4
00414 0 2 3
00415 0 2 3
00416 0 2 3
00417 0 1 2 3
00418 0 2 3
00419 0 1 2 3 4 5
00420 0 1 2 3 4 5
00421 0 1 2 3 4 5
00422 0 2 3 4 5
00423 0 2 3 5
00424 0 2 3
00425 2 3
00426 0 2 3 4
00427 0 2 3
00428 0 1 2 3
00429 0 1 2 3 5
00430 0 1 2 3
00431 0 1 2 3 5
00432 0 2 3 4
00433 0 2 3
00434 2 3
00435 0 2 3
00436 0 2 3
00437 1 2 3 5
00438 0 1 2 3 5
00439 0 1 2 3
00440 0 2 3
00441 0 1 2 3 4 5
00442 0 1 2 3 4
00443 0 2 3
00444 0 2 3
00445 0 1 2 3 5
00446 0 1 2 3 5
00447 0 1 2 3
00448 0 2 3
00449 0 2
00450 0 2 3
00451 0 1 2 3 4 5
00452 0 1 2 3 4
00453 0 1 2 3 4 5
00454 0 1 2 3
00455 0 2 3 5
00456 0 1 2 3 5
00457 0 2
00458 0 2 3
00459 0 2 3
00460 0 2 3
00461 0 2 3 4
00462 0 2 3 4 5
00463 0 1 2 3 4 5
00464 0 1 2 3
00465 0 2 3
00466 0 2 3
00467 2 3
00468 0 2 3
00469 0 2 3
00470 0 2 3
00471 0 1 2 3 4 5
00472 0 1 2 3 4 5
00473 0 1 2 3 4
00474 0 1 2 3 4 5
00475 0 2 3 5
00476 0 2 3
00477 0 2 3
00478 0 2 3 5
00479 2 3
00480 0 2 3 5
00481 0 1 2 3 4 5
00482 0 1 2 3 5
00483 0 1 2 3 5
00484 0 1 2 3 4
00485 0 1 2 3
00486 0 2 3 4
00487 0 2 3
00488 2 3
00489 2 3
00490 0 2 3
00491 0 1 2 3 5
00492 0 1 2 3 4
00493 0 1 2 3 4 5
00494 0 1 2 3 4 5
00495 0 1 2 3 4 5
00496 0 1 2 3 5
00497 0 2 3
00498 2 3
00499 2 3
00500 0 2 3
00501 0 1 2 3 4 5
00502 0 1 2 5
00503 0 1 2 5
00504 0 1 2 5
00505 0 1 2 3 5
00506 0 1 2 3 5
00507 0 1 2 3 4 5
00508 0 1 2 3 4 5
00509 0 1 2 3 5
00510 0 1 2 3 4
00511 0 1 2 3 4 5
00512 0 1 2 3 5
00513 0 1 2 3 5
00514 0 1 2 3 5
00515 0 1 2 5
00516 0 1 2 4 5
00517 0 1 2 3 4 5
00518 0 1 2 3 4 5
00519 0 1 2 3 4 5
00520 0 1 2 3 5
00521 0 1 2 3 4 5
00522 0 1 2 3 4 5
00523 0 2 3 4 5
00524 0 2 3 4 5
00525 1 2 3 5
00526 0 1 2 3 5
00527 0 1 2 3 4 5
00528 0 1 2 3 5
00529 0 1 2 3 5
00530 0 1 2 3 4 5
00531 0 1 2 3 5
00532 0 1 2 3 5
00533 0 2 3 4
00534 0 2 3 4
00535 0 2 3 4 5
00536 0 2 3 4 5
00537 0 1 2 3 4 5
00538 0 2 3 5
00539 0 2 3
00540 0 2 3
00541 0 1 2 3 5
00542 0 1 2 3 5
00543 0 2 3 4
00544 0 2 3
00545 0 2 3 4
00546 0 2 3 4
00547 0 2 3 4
00548 0 2 3 5
00549 0 1 2 3 5
00550 0 1 2 3 5
00551 0 2 3
00552 0 2 3
00553 0 2 3 4 5
00554 0 2 3 4 5
00555 0 1 2 3 4
00556 0 1 2 3 4 5
00557 0 1 2 3 4
00558 0 2 3 4 5
00559 0 1 2 3 4 5
00560 0 1 2 4 5
00561 0 2 3
00562 0 2 3
00563 0 2 3
00564 0 2 3
00565 0 1 2 3 4
00566 0 1 2 3 4 5
00567 0 1 2 3 4 5
00568 0 1 2 3 4
00569 0 1 2 3 4
00570 0 1 2 3 4
00571 0 2 3 4 5
00572 0 1 2 3 4 5
00573 0 1 2 3 4
00574 0 1 2 3 4
00575 0 1 2 3 4
00576 0 1 2 3 4 5
00577 0 1 2 3 4 5
00578 0 1 2 3 4 5
00579 0 1 2 3 4 5
00580 0 1 2 3 5
00581 0 1 2 3 4 5
00582 0 1 2 3 5
00583 0 1 2 3 5
00584 0 1 2 3 5
00585 0 1 2 3 4
00586 0 1 2 3 4 5
00587 0 1 2 3 4
00588 0 1 2 3 4 5
00589 0 1 2 3 5
00590 0 1 2 3 4
00591 0 1 2 3 5
00592 0 2 3 5
00593 0 2 3 4 5
00594 0 1 2 3 5
00595 0 1 2 3 4
00596 0 1 2 3 4 5
00597 0 1 2 3 4 5
00598 0 1 2 3 4 5
00599 0 1 2 3 5
00600 0 1 2 3 4 5
00601 0 1 2 3 4 5
00602 0 1 2 3 4 5
00603 0 1 2 3 4
00604 0 1 2 3 5
00605 0 1 2 3 5
00606 0 1 2 3 5
00607 0 2 3 4
00608 0 2 3
00609 0 2 3
00610 0 2 3
00611 0 1 2 3 5
00612 0 2 3 5
00613 0 2 3 5
00614 0 2 3 4 5
00615 0 2 3 5
00616 0 2 3 4 5
00617 0 1 2 3 4 5
00618 0 1 2 3 5
00619 0 1 2 3
00620 0 1 2 3
00621 0 2 3 5
00622 0 2 3
00623 0 2 3
00624 0 1 2 3
00625 0 1 2 3 5
00626 0 1 2 3 4
00627 0 1 2 3 4
00628 0 1 2 3 4 5
00629 0 1 2 3 4 5
00630 0 1 2 3 4 5
00631 0 2 3
00632 0 2 3 5
00633 0 1 2 3 5
00634 0 1 2 3 5
00635 0 1 2 3 5
00636 0 1 2 3 5
00637 0 1 2 3
00638 0 1 2 3
00639 0 1 2 3 4
00640 0 1 2 3 4 5
00641 0 1 2 3 5
00642 0 1 2 5
00643 0 1 2
00644 0 1 2 5
00645 0 2 3 5
00646 0 1 2 3 5
00647 0 1 2 3
00648 0 1 2 3 5
00649 0 2 3 5
00650 0 1 2 3 5
00651 0 2 5
00652 0 2 5
00653 0 1 2
00654 0 1 2 3 5
00655 0 2 3 5
00656 0 1 2 3 5
00657 0 1 3 4 5
00658 0 1 2 3
00659 0 2 3
00660 0 2 3 4
00661 0 1 2 4 5
00662 0 1 2 3 4 5
00663 0 1 2 3 5
00664 0 1 2 3 4
00665 0 1 2 5
00666 0 1 2 3 5
00667 0 1 2 3
00668 0 2 5
00669 0 2 3 5
00670 0 2 3 4 5
00671 0 1 2 3 4 5
00672 0 1 2 3 4 5
00673 0 1 2 3 4
00674 0 1 2 3 4
00675 0 1 2 3 5
00676 0 1 2 3 4
00677 0 1 2 3 4
00678 0 1 2 3 4 5
00679 0 1 2 3 5
00680 0 1 2 3 4 5
00681 0 1 2 3 4 5
00682 0 1 2 3 5
00683 0 1 2 3 5
00684 0 1 2 3 4 5
00685 0 1 2 3 4 5
00686 0 1 2 3 4 5
00687 0 2 3 4
00688 0 2 3 4
00689 0 1 2 3 4 5
00690 0 1 2 3 4 5
00691 0 2 3 4 5
00692 0 1 2 3 5
00693 0 1 2 3 5
00694 0 1 2 3 4 5
00695 0 1 2 3 4 5
00696 0 1 2 3 5
00697 2 3
00698 2 3
00699 0 2 3 4
00700 0 1 2 3 4 5
00701 0 2 3 4 5
00702 0 2 3 4 5
00703 0 2 3 4
00704 0 1 2 3 4 5
00705 0 1 2 3 4 5
00706 0 2 3 4 5
00707 0 2 3 4
00708 0 2 3 4
00709 0 2 3 4
00710 0 1 2 3 4 5
00711 0 1 2 3
00712 0 1 2 3 4 5
00713 0 1 2 3 4
00714 0 1 2 3 4 5
00715 0 1 2 3 4 5
00716 0 1 2 3 4 5
00717 0 1 2 3 5
00718 0 1 2 3 4 5
00719 0 1 2 3 5
00720 0 2 3 5
00721 0 1 2 3 4 5
00722 0 1 2 3 4 5
00723 0 1 2 3 4 5
00724 0 1 2 3 4 5
00725 0 1 2 3 4 5
00726 0 1 2 3 5
00727 0 1 2 3 5
00728 0 1 2 3 4 5
00729 0 1 2 3 5
00730 1 2 3 5
00731 0 1 2 3 4
00732 0 1 2 3 4 5
00733 0 1 2 3 4 5
00734 0 1 2 3 4 5
00735 0 1 2 3 4 5
00736 0 1 2 3 5
00737 0 1 2 3 5
00738 0 1 2 3 4 5
00739 0 1 2 3 5
00740 1 2 3 5
00741 0 1 2 3
00742 0 1 2 3
00743 0 1 2 3 4 5
00744 0 1 2 3 4 5
00745 0 1 2 3 4 5
00746 0 1 2 3 4 5
00747 0 1 2 3 4 5
00748 0 1 2 3 4 5
00749 0 1 2 3 5
00750 1 2 3 5
00751 0 1 2 3 4
00752 0 1 2 3 5
00753 0 1 2 3 4 5
00754 0 1 2 4 5
00755 0 1 2 3 4 5
00756 0 1 2 3 4 5
00757 0 1 2 4 5
00758 0 1 2 3 4 5
00759 0 1 2 3 4 5
00760 0 1 2 3 4 5
00761 0 1 2 4 5
00762 0 1 2 3 4 5
00763 0 1 2 3 4 5
00764 0 1 2 3 4 5
00765 0 1 2 3 4 5
00766 0 1 2 3 5
00767 0 1 2 3 4 5
00768 0 1 2 3 4 5
00769 0 1 2 3 4 5
00770 0 1 2 3 4 5
00771 0 1 2 4
00772 0 2 3 4
00773 0 1 2 3 4 5
00774 0 1 2 3 4 5
00775 0 1 2 3 4 5
00776 0 1 2 3 4 5
00777 0 1 2 3 4 5
00778 0 1 2 3 4 5
00779 0 1 2 3 5
00780 0 1 2 3 4 5
00781 0 1 2 3 4 5
00782 0 1 2 3 4
00783 0 1 2 3 5
00784 0 1 2 3 4 5
00785 0 1 2 3 4 5
00786 0 1 2 3 4 5
00787 0 1 2 3 4
00788 0 1 2 3 4
00789 0 1 2 3 4 5
00790 0 1 2 3 4 5
00791 0 1 2 3 5
00792 0 1 2 3 4 5
00793 0 1 2
00794 0 1 2 4 5
00795 0 1 2 4 5
00796 0 1 2 3 5
00797 0 1 2 3 4
00798 0 1 2 3
00799 0 1 2 3 4 5
00800 0 1 2 3 4 5
00801 0 1 2 3 4 5
00802 0 1 2 3 5
00803 0 1 2 3 4 5
00804 0 1 2 3 4 5
00805 0 1 2 3 4 5
00806 0 1 2 3 5
00807 0 1 2 3 4 5
00808 0 1 2 3 4 5
00809 0 1 2 3 4 5
00810 0 1 2 3 5
00811 0 2 3 5
00812 0 2 5
00813 0 1 2 3 5
00814 0 1 2 3 5
00815 0 1 2 3 4 5
00816 0 1 2 3 4
00817 0 1 2 3 4 5
00818 0 1 2 3 4 5
00819 0 1 2 3 4 5
00820 1 2 3 5
00821 0 1 2 3
00822 0 1 2 3 4 5
00823 0 1 2 3 4 5
00824 1 2 3 5
00825 0 1 2 3 5
00826 0 1 2 5
00827 0 1 2 3 4 5
00828 0 1 2 3 5
00829 0 1 2 3 5
00830 0 1 2 3 5
00831 1 2 3 5
00832 0 1 2 3 4 5
00833 0 1 2 3 4 5
00834 0 1 2 3 5
00835 0 1 2 3 5
00836 0 1 2 3 4
00837 0 1 2 3 4 5
00838 0 1 2 3 5
00839 0 1 2 3 5
00840 0 1 2 3 4 5
00841 0 1 2 3 4 5
00842 0 1 2 3 4 5
00843 0 1 2 3 4 5
00844 0 1 2 3 5
00845 0 1 2 3 4 5
00846 0 1 2 3 4
00847 0 1 2 3 5
00848 0 1 2 3 5
00849 0 1 2 3 4 5
00850 0 1 2 3 4 5
00851 0 1 2 3 4 5
00852 0 1 2 3 4
00853 0 1 2 3 4 5
00854 0 1 2 3 4 5
00855 0 1 2 3 4 5
00856 0 1 2 3 4 5
00857 0 1 2 3 5
00858 0 1 2 3 5
00859 0 1 2 3 5
00860 0 1 2 3 4
00861 0 1 2 3 4 5
00862 0 1 2 3 4 5
00863 0 1 2 3 5
00864 0 1 2 3 5
00865 0 1 2 3 4
00866 0 1 2 3 4
00867 0 1 2 3 4
00868 0 1 2 3 4 5
00869 0 1 2 3 4
00870 0 1 2 3 4 5
00871 0 1 2 3 4 5
00872 0 1 2 3 4 5
00873 0 1 2 3 5
00874 0 1 2 3 4 5
00875 0 1 2 3 4 5
00876 0 1 2 3 4 5
00877 0 1 2 3 4 5
00878 0 1 2 3 4 5
00879 0 1 2 3 4 5
00880 0 1 2 3 4 5
00881 0 1 2 3 4 5
00882 0 1 2 3 4 5
00883 0 1 2 3 5
00884 0 1 2 3 4 5
00885 0 1 2 3 4
00886 0 1 2 3 4 5
00887 0 1 2 3 4 5
00888 0 1 2 3 4 5
00889 0 1 2 3 4 5
00890 0 1 2 3 4 5
00891 0 1 2 3 4 5
00892 0 1 2 3 4 5
00893 0 1 2 3 4 5
00894 0 1 2 3 4 5
00895 0 1 2 3 4 5
00896 0 1 2 3 4 5
00897 0 1 2 3 4 5
00898 0 1 2 3 4 5
00899 0 1 2 3 4
00900 0 1 2 3 4 5
00901 0 1 2 3 5
00902 0 1 2 3 5
00903 0 1 2 3 4 5
00904 0 1 2 3 4 5
00905 0 1 2 3 4 5
00906 0 1 2 3 5
00907 0 2 3
00908 0 2 3
00909 0 2 3
00910 0 2 3 5
00911 0 1 2 3 4 5
00912 0 1 2 3 4 5
00913 0 1 2 3 4 5
00914 0 1 2 3 5
00915 0 1 2 3 4 5
00916 0 1 2 3 5
00917 0 2 3
00918 0 2 3
00919 0 2 3
00920 0 2 3 5
00921 0 1 2 3 4 5
00922 0 1 2 3 4 5
00923 0 1 2 3 4
00924 0 1 2 3 5
00925 0 1 2 3 4 5
00926 0 1 2 3 4 5
00927 0 1 2 3 5
00928 0 1 2 3
00929 0 2 3
00930 0 2 3 5
00931 0 1 2 3 4 5
00932 0 1 2 3 4 5
00933 0 1 2 3 4 5
00934 0 1 2 3 4 5
00935 0 1 2 3 4 5
00936 0 2 3 4 5
00937 0 1 2 3
00938 0 1 2 3
00939 0 2 3
00940 0 2 3 5
00941 0 1 2 3 4 5
00942 0 1 2 3 5
00943 0 1 2 3 5
00944 0 1 2 3 4 5
00945 0 1 2 3 4 5
00946 0 1 2 3 4 5
00947 0 2 3
00948 0 1 2 3 5
00949 0 1 2 3 5
00950 0 2 3
00951 0 1 2 3 4 5
00952 0 1 2 3 4
00953 0 1 2 3 4 5
00954 0 1 2 3 4 5
00955 0 1 2 3 4 5
00956 0 1 2 3 4 5
00957 0 1 2 3 4 5
00958 0 1 2 3 4 5
00959 0 1 2 3 4
00960 0 2 3
00961 0 1 2 3 4 5
00962 0 1 2 3 4 5
00963 0 1 2 3 5
00964 0 1 2 3 4 5
00965 0 1 2 3 4 5
00966 0 1 2 3 4 5
00967 0 1 2 3 4 5
00968 0 1 2 3 4 5
00969 0 2 3 4
00970 0 2 3
00971 0 1 2 3 4 5
00972 0 1 2 3 4 5
00973 0 1 2 3 4 5
00974 0 1 2 3 5
00975 0 1 2 3 4 5
00976 0 1 2 3 4 5
00977 0 1 2 3 4 5
00978 0 2 3 4 5
00979 0 2 3 4
00980 2 3
00981 0 1 2 3 4 5
00982 0 1 2 3 4 5
00983 0 1 2 3 4 5
00984 0 1 2 3 4 5
00985 0 1 2 3 4 5
00986 0 1 2 3 4 5
00987 0 1 2 3 4 5
00988 0 1 2 3 4 5
00989 0 1 2 3 4 5
00990 2 3
00991 0 1 2 3 5
00992 0 1 2 3 4 5
00993 0 1 2 3 4 5
00994 0 1 2 3 4 5
00995 0 1 2 3 5
00996 0 1 2 3 5
00997 0 1 2 3 4 5
00998 0 1 2 3 4 5
00999 0 1 2 3 4 5
01000 0 2 3 4
01001 0 1 2 3 5
01002 0 1 2 3 4 5
01003 0 1 2 3 4 5
01004 0 1 2 3 4 5
01005 0 1 2 3 4 5
01006 0 1 2 3 4 5
01007 0 1 2 3 4 5
01008 0 1 2 3 5
01009 0 1 2 3 5
01010 0 1 2 3 4 5
01011 0 1 2 3 4 5
01012 0 1 2 3
01013 1 2 5
01014 0 1 2 3 4 5
01015 0 1 2 3 5
01016 0 1 2 3 4 5
01017 0 1 2 3 4 5
01018 0 1 2 3 5
01019 0 1 2 3 4 5
01020 0 1 2 3 4 5
01021 0 1 2 3 5
01022 0 2 3
01023 2 3
01024 0 2 3 4 5
01025 0 1 2 3 5
01026 0 1 2 3 4 5
01027 0 1 2 3 4 5
01028 0 1 2 3 4 5
01029 0 1 2 3 4 5
01030 0 1 2 3 4 5
01031 0 1 2 3 4 5
01032 0 1 2 3 4 5
01033 0 1 2 3 4 5
01034 0 1 2 3 4 5
01035 0 1 2 3 4 5
01036 0 1 2 3 5
01037 0 1 2 3 5
01038 0 1 2 3 5
01039 0 1 2 3 5
01040 0 1 2 3 5
01041 0 1 2 3 5
01042 0 1 2 3 4 5
01043 0 1 2 3 4 5
01044 0 1 2 3 5
01045 0 1 2 3 5
01046 0 1 2 3 5
01047 0 1 2 3 5
01048 0 1 2 3 5
01049 0 1 2 3 5
01050 0 1 2 3 5
01051 0 2 3 4 5
01052 0 1 2 3 5
01053 0 1 2 3 5
01054 0 1 2 3 5
01055 1 2 3 5
01056 0 1 2 3 4 5
01057 0 1 2 3 4 5
01058 0 1 2 3 4 5
01059 0 1 2 3 4 5
01060 0 1 2 3 4 5
01061 0 2 3 4 5
01062 0 2 3 5
01063 0 2 3 5
01064 0 2 3 5
01065 0 1 2 3 5
01066 0 1 2 3 4 5
01067 0 1 2 3 4 5
01068 0 1 2 3 4 5
01069 0 1 2 3 4 5
01070 0 1 2 3 4 5
01071 0 2 3 5
01072 0 1 2 3 5
01073 0 1 2 3 5
01074 0 1 2 3 4 5
01075 0 1 2 3 4 5
01076 0 1 2 3 4 5
01077 0 1 2 3 4 5
01078 0 1 2 3 4 5
01079 0 1 2 3 4 5
01080 0 1 2 3 4 5
01081 0 2 4 5
01082 0 1 2 3 4 5
01083 0 1 2 3 4 5
01084 0 1 2 3 4 5
01085 0 1 2 3 4 5
01086 0 1 2 3 4 5
01087 0 1 2 3 4 5
01088 0 1 2 3 5
01089 0 1 2 3 4 5
01090 0 1 2 3 4 5
01091 0 2 3 4 5
01092 0 1 2 3 4 5
01093 0 1 2 3 4 5
01094 0 1 2 3 5
01095 0 1 2 3 4 5
01096 0 1 2 3 4 5
01097 0 1 2 3 4 5
01098 0 1 2 3 4 5
01099 0 1 2 3 5
01100 0 1 2 3 4 5
01101 0 1 2 3 5
01102 0 1 2 3 5
01103 0 1 2 3 5
01104 0 1 2 3 5
01105 0 1 2 3 4 5
01106 0 1 2 3 4 5
01107 0 1 2 3 4 5
01108 0 1 2 3 5
01109 0 1 2 3 4
01110 0 1 2 3 4 5
01111 0 1 2 3 5
01112 0 1 2 3 5
01113 0 1 2 3 4 5
01114 0 1 2 3 4 5
01115 0 1 2 3 4 5
01116 0 1 3 4 5
01117 0 1 2 3 4 5
01118 0 1 2 3 4 5
01119 0 1 2 3 4 5
01120 0 1 2 3 4 5
01121 0 1 2 3 4 5
01122 0 1 2 3 4 5
01123 0 1 2 3 4 5
01124 0 1 2 3 4 5
01125 0 1 2 3 4 5
01126 0 1 2 3 4 5
01127 0 2 3 5
01128 0 1 2 3 4
01129 0 1 2 3 5
01130 0 1 2 3 4 5
01131 0 1 2 3 4 5
01132 0 1 2 3 5
01133 0 1 2 4 5
01134 0 1 2 3 4 5
01135 0 1 2 3 4 5
01136 0 1 2 3 4 5
01137 0 1 2 3 4 5
01138 0 1 2 3 4 5
01139 0 1 2 3 4 5
01140 0 1 2 3 4 5
01141 0 1 2 3 4 5
01142 0 1 2 3 5
01143 0 1 2 3 4 5
01144 0 1 2 3 4 5
01145 0 1 2 3 4 5
01146 0 1 2 3 4 5
01147 0 1 2 3 5
01148 0 1 3 5
01149 0 1 2 3 4 5
01150 0 1 2 3 4
01151 0 1 2 3 4 5
01152 0 1 2 3 4 5
01153 0 1 2 3 4 5
01154 0 1 2 3 5
01155 0 1 2 3 4 5
01156 0 1 2 3 5
01157 0 1 2 3 4 5
01158 0 1 2 3 5
01159 0 1 2 3 5
01160 0 1 2 3 5
01161 0 1 2 3 4 5
01162 0 1 2 3 4 5
01163 0 1 2 3 4 5
01164 0 1 2 3 4 5
01165 0 1 2 3 4
01166 0 1 2 3 5
01167 0 1 2 3 5
01168 0 1 2 3 5
01169 0 1 2 3 5
01170 0 1 2 3 5
01171 0 1 2 3 4 5
01172 0 1 2 3 5
01173 0 1 2 3 4 5
01174 0 2 3 4
01175 0 1 2 3
01176 0 1 2 3 4 5
01177 0 1 2 3 5
01178 0 1 2 3 4 5
01179 0 1 2 3 4 5
01180 0 1 2 3
01181 0 1 2 3 5
01182 2 3 5
01183 2 3 5
01184 0 1 2 3 4 5
01185 0 1 2 3 4
01186 0 1 2 3 5
01187 0 1 2 4 5
01188 0 1 2 3
01189 0 1 2 3 4 5
01190 0 1 2 3 4
01191 0 1 2 3 4 5
01192 0 1 2 3 5
01193 0 1 2 3 5
01194 0 1 2 3 5
01195 0 1 2 3 4 5
01196 0 1 2 3 4 5
01197 0 1 2 3 4 5
01198 0 1 2 3 4 5
01199 0 1 2 3 4
01200 0 1 2 3 4 5
01301 0 1 2 3 4 5
01302 0 1 3 4 5
01303 0 1 2 3 4 5
01304 0 1 2 3 4 5
01305 0 1 2 3 4 5
01306 0 1 2 3 4 5
01307 0 1 2 3 4 5
01308 0 1 2 3 5
01309 0 1 2 3 5
01310 0 1 2 3 4 5
01311 0 1 2 4 5
01312 0 1 3 4 5
01313 0 1 2 3 4 5
01314 0 1 2 3 4 5
01315 0 1 2 3 4 5
01316 0 1 2 3 4 5
01317 0 1 2 3 4 5
01318 0 1 2 3 4 5
01319 0 1 2 3 5
01320 0 1 2 3 4 5
01321 0 1 2 3 5
01322 0 1 2 3 4 5
01323 0 1 2 3 4 5
01324 0 1 2 3 4 5
01325 0 1 2 3 4 5
01326 0 1 2 3 5
01327 0 1 2 3 5
01328 0 1 2 3 4 5
01329 0 1 2 3 4 5
01330 0 1 2 3 4 5
01331 0 1 2 3
01332 0 1 2 3 5
01333 0 1 2 3 5
01334 0 1 2 3 4 5
01335 0 1 2 3 4 5
01336 0 1 2 3 5
01337 0 1 2 3 5
01338 0 1 2 3 5
01339 0 1 2 3 4 5
01340 0 1 2 3 4 5
01341 0 1 2 3 5
01342 0 1 2 3 4 5
01343 0 1 2 3 4 5
01344 0 1 2 3 4 5
01345 0 1 2 3 5
01346 0 1 2 3 5
01347 0 1 2 3 5
01348 0 1 3 5
01349 0 1 2 3 5
01350 0 1 2 3 4 5
01351 0 1 2 3 4 5
01352 0 1 2 3 5
01353 0 1 2 3 4 5
01354 0 1 2 3 4 5
01355 0 2 3 4 5
01356 0 2 3 4 5
01357 0 1 2 3 5
01358 0 1 2 3 5
01359 0 1 2 3 5
01360 0 1 2 3 4 5
01361 0 1 2 3 4 5
01362 0 1 2 3 4 5
01363 0 1 2 3 4 5
01364 0 1 2 3 4 5
01365 0 1 2 3 4 5
01366 0 1 2 3 4 5
01367 0 1 2 3 5
01368 0 1 2 3 4 5
01369 0 1 2 3 4 5
01370 0 1 2 3 4 5
01371 0 1 2 3 4 5
01372 0 1 2 3 4 5
01373 0 1 2 3 5
01374 0 1 2 4 5
01375 0 1 2 3 4 5
01376 0 2 3 4 5
01377 0 1 2 3 4 5
01378 0 1 2 3 4 5
01379 0 1 2 3 4 5
01380 0 1 2 3 5
01381 0 1 3 4 5
01382 0 1 2 3 4 5
01383 0 1 2 3 4 5
01384 0 1 2 3 4 5
01385 0 1 2 3 4 5
01386 0 1 2 3 4 5
01387 0 1 2 3 5
01388 0 1 2 3 5
01389 0 1 2 3 5
01390 0 1 2 3 5
01391 0 1 3 4 5
01392 0 1 2 3 5
01393 0 1 2 3 5
01394 0 1 2 3 5
01395 0 1 2 3 5
01396 0 1 2 3 4 5
01397 0 1 2 3 4 5
01398 0 1 2 3 5
01399 0 1 2 3 5
01400 0 1 2 3 5
01401 0 1 2 3 4 5
01402 0 1 2 3 4 5
01403 0 1 2 3 4 5
01404 0 1 2 3 4 5
01405 0 1 2 3 4 5
01406 0 1 2 3 4 5
01407 0 1 2 3 4 5
01408 0 1 2 3 5
01409 0 1 2 3 5
01410 0 1 2 3 4 5
01411 0 1 2 3 4
01412 0 1 2 3 5
01413 0 1 2 3 5
01414 0 1 2 3 4
01415 0 1 4
01416 0 1 2 3 4 5
01417 0 1 2 3 5
01418 0 2 3 5
01419 0 2 3 5
01420 0 1 2 3
01421 0 1 2 3 4 5
01422 0 1 2 3 4 5
01423 0 1 2 3
01424 0 1 2 3 4
01425 0 1 2 3 4 5
01426 0 1 2 3 4 5
01427 2 3 5
01428 2 3 5
01429 0 2 3 5
01430 0 2 3 4 5
01431 0 1 2 3 4 5
01432 0 1 2 3 4 5
01433 0 1 2 3 5
01434 0 1 2 3 5
01435 2 3 5
01436 3 5
01437 2 3 5
01438 2 3 5
01439 0 2 3 4 5
01440 0 1 2 3 4 5
01441 0 1 2 3 4 5
01442 0 1 3 5
01443 0 1 3 5
01444 0 1 5
01445 0 2 5
01446 0 2 3 4 5
01447 0 2 3 4 5
01448 0 1 2 3 4 5
01449 0 1 2 3 4
01450 0 1 2 3 4 5
01451 0 1 2 3 4 5
01452 0 1 2 3 4 5
01453 0 1 2 3 4 5
01454 0 1 2 3 4 5
01455 0 1 2 3 4 5
01456 0 1 2 3 4 5
01457 0 1 2 3 4 5
01458 0 1 2 3 4 5
01459 0 1 2 3 4 5
01460 0 1 2 3 4 5
01461 0 1 2 3 4 5
01462 0 1 2 3 4 5
01463 0 1 2 3 5
01464 0 1 2 3 4 5
01465 0 1 2 3 4 5
01466 0 1 2 3 5
01467 0 1 2 3 5
01468 0 1 2 3 4 5
01469 0 1 2 3 4 5
01470 0 1 2 3 4 5
01471 0 1 2 3 4 5
01472 0 1 2 3 5
01473 0 1 2 3 4 5
01474 0 1 2 3 4 5
01475 0 1 2 3 4 5
01476 0 1 2 3 5
01477 1 2 3 5
01478 0 1 2 3 4 5
01479 0 1 2 5
01480 0 1 2 3 4 5
01481 0 1 2 3 4 5
01482 0 1 2 3 4 5
01483 0 1 2 3 4 5
01484 0 2 3 4 5
01485 2 3 5
01486 0 2 3 4
01487 0 1 2 3 4 5
01488 0 1 2 3 4 5
01489 0 1 2 3 4 5
01490 0 1 2 3 4 5
01491 0 1 2 3 4 5
01492 0 1 2 3 4 5
01493 0 1 2 3 4 5
01494 0 1 2 3 4 5
01495 0 1 2 3 4 5
01496 0 1 2 3 4 5
01497 0 1 2 3 4 5
01498 0 1 2 3 4 5
01499 0 1 2 3 4 5
01500 0 1 2 3 4 5
01501 0 1 2 3 4 5
01502 0 2 3 5
01503 0 1 2 3 5
01504 0 1 2 3 4 5
01505 0 1 2 3 5
01506 0 2 3 4 5
01507 0 1 2 3 4 5
01508 0 1 2 3 4 5
01509 0 1 2 3 4 5
01510 1 2 3
01511 0 1 2 3 4
01512 0 2 3 4 5
01513 0 1 2 3 4 5
01514 0 1 3 5
01515 0 1 2 3 5
01516 0 1 2 3 4 5
01517 0 1 2 3 5
01518 0 1 2 3 5
01519 0 1 2 3 4
01520 0 1 2 3 4
01521 0 1 2 3 4 5
01522 0 1 2 3 4 5
01523 0 1 2 3 4 5
01524 0 1 2 3 4 5
01525 0 1 2 3 4 5
01526 0 1 2 3 4 5
01527 0 1 2 3 5
01528 0 1 2 3 5
01529 0 1 2 3 4
01530 0 1 2 4 5
01531 0 1 2 3 4 5
01532 0 1 2 3 4 5
01533 0 1 2 3 4 5
01534 0 1 2 3 4 5
01535 0 2 3 4 5
01536 0 1 2 3 4
01537 0 1 2 3 4 5
01538 0 1 2 3 4 5
01539 0 1 2 3 5
01540 0 1 2 3 4
01541 0 1 2 3 4 5
01542 0 1 2 3 4 5
01543 0 1 2 3 4 5
01544 0 1 2 3 4 5
01545 0 2 3 4 5
01546 0 2 3 4
01547 0 2 3 4
01548 0 1 2 3 4
01549 0 1 2 3 4
01550 0 1 2 3 4
01551 0 1 2 3 5
01552 0 1 2 3 4 5
01553 0 1 2 3 4 5
01554 0 1 2 3 4 5
01555 0 2 3 4 5
01556 0 2 3 4
01557 0 1 2 3 4
01558 0 1 2 3 4 5
01559 0 1 2 3 4
01560 0 1 2 3 4 5
01561 0 1 2 3 4 5
01562 0 1 2 3 5
01563 0 1 2 3 4 5
01564 0 1 2 3 4 5
01565 0 1 2 3 4 5
01566 0 1 2 3 5
01567 1 2 3 5
01568 0 1 2 3 4 5
01569 0 1 2 3 4
01570 0 1 2 3 4 5
01571 0 1 2 3 4 5
01572 0 1 2 3 5
01573 0 1 2 3 4 5
01574 0 1 2 3 4 5
01575 0 1 2 3 4 5
01576 1 2 3
01577 0 1 2 3 4 5
01578 0 1 2 3 4 5
01579 0 1 2 3 4 5
01580 0 1 2 3 4 5
01581 0 1 2 3 4 5
01582 0 1 2 3 5
01583 0 1 2 3 4 5
01584 0 1 2 3 4 5
01585 0 1 2 3 4 5
01586 0 1 2 3 4 5
01587 0 1 2 3 4 5
01588 0 1 2 3 4 5
01589 0 1 2 3 4 5
01590 0 1 2 3 4 5
01591 0 1 2 3 4 5
01592 0 1 2 3 4 5
01593 0 1 2 3 4 5
01594 0 1 2 3 4 5
01595 0 1 2 3 5
01596 0 1 2 3 4 5
01597 0 1 2 3 4 5
01598 0 1 2 3 5
01599 0 1 2 3 4 5
01600 0 1 2 3 4 5
01601 0 2 3 4
01602 0 1 2 3 4 5
01603 0 1 2 3 4 5
01604 0 1 2 3 4 5
01605 0 1 2 3 4 5
01606 1 2 3 5
01607 0 1 2 3
01608 0 1 2 3 4 5
01609 0 1 2 3 5
01610 0 1 2 3
01611 0 2 3
01612 0 1 2 3 4 5
01613 0 1 2 3 4 5
01614 0 1 2 3
01615 0 1 2 3 5
01616 1 2 3 5
01617 0 1 2 3 5
01618 0 1 2 5
01619 0 1 2 3 5
01620 0 1 2 3 4 5
01621 0 2 3
01622 0 2 3 5
01623 0 2 3 4
01624 0 1 2 3 4
01625 0 1 2 3 5
01626 0 1 2 3 5
01627 0 1 2 3 5
01628 0 1 2 3 5
01629 0 1 2 3 5
01630 0 1 2 3 4 5
01631 0 2 3 5
01632 0 2 3
01633 0 1 2 3 5
01634 0 1 2 3 4
01635 0 1 2 3 4
01636 0 1 2 3 5
01637 0 1 2 3 5
01638 0 1 2 3 5
01639 0 1 2 3 5
01640 0 1 2 3 4 5
01641 0 2 3 5
01642 0 2 3
01643 0 1 2 3 5
01644 0 1 2 3 4 5
01645 0 1 2 3 4
01646 0 1 2 3 4 5
01647 0 1 2 3 4 5
01648 0 1 2 3 4 5
01649 0 2 3 4
01650 0 2 3 4 5
01651 0 2 3 5
01652 0 2 3
01653 0 1 2 3 5
01654 0 1 2 3 5
01655 0 1 2 4 5
01656 0 2 3 4 5
01657 0 1 2 3 4 5
01658 0 1 2 3 4 5
01659 0 1 2 3 4 5
01660 0 1 2 3 4 5
01661 0 2 3
01662 0 2 3
01663 0 2 3
01664 0 1 2 3 5
01665 0 1 2 3 4 5
01666 0 1 2 3 4 5
01667 0 1 2 4 5
01668 0 1 2 3 4 5
01669 0 1 2 3 5
01670 0 1 2 3 5
01671 0 2 3 4 5
01672 0 1 2 3
01673 0 1 2 3 5
01674 0 1 2 3 5
01675 0 1 2 3 4 5
01676 0 1 2 3 4 5
01677 0 1 2 3 4 5
01678 0 1 2 3 4 5
01679 0 1 2 3 5
01680 0 1 2 3 5
01681 0 2 3 4 5
01682 0 1 2 3 4 5
01683 0 1 2 3 5
01684 0 1 2 3 4 5
01685 0 1 2 3 5
01686 0 1 3
01687 0 2 3 4
01688 0 1 2 3 4 5
01689 0 1 2 3 5
01690 0 1 2 3 4 5
01691 0 1 2 3 5
01692 0 1 2 3 4 5
01693 0 1 2 3 5
01694 0 1 2 3 4 5
01695 0 1 2 3 5
01696 0 1 2 3
01697 0 1 2 3 4 5
01698 0 1 2 4 5
01699 0 1 2 3 4 5
01700 0 1 2 3 4 5
01701 0 1 2 3 4 5
01702 0 1 2 3 4 5
01703 0 1 2 3 4 5
01704 0 1 2 3 4 5
01705 0 1 2 3 4 5
01706 0 1 2 3 4 5
01707 0 1 2 3 4 5
01708 0 1 2 3 4 5
01709 0 1 2 3 4 5
01710 0 1 2 3 4 5
01711 0 1 2 3 4 5
01712 0 1 2 3 4 5
01713 0 1 2 3 4 5
01714 0 1 2 3 5
01715 0 1 2 3 4 5
01716 0 1 2 3 5
01717 0 1 2 3 4 5
01718 0 1 2 3 4 5
01719 0 1 2 3 4 5
01720 0 2 3 4 5
01721 0 1 2 3 4 5
01722 0 1 2 3 4 5
01723 0 1 2 3 4 5
01724 0 1 2 3 4
01725 0 2 3 4 5
01726 0 2 3 4 5
01727 0 2 3 4 5
01728 0 2 3 4
01729 0 4 5
01730 0 1 2 3 4 5
01731 0 1 2 3 4 5
01732 0 2 3 4 5
01733 0 2 3 4 5
01734 0 2 3 4 5
01735 0 2 3 4 5
01736 0 1 2 3 4 5
01737 0 1 2 3 4 5
01738 0 1 2 3 4 5
01739 0 1 2 3 4 5
01740 0 1 2 3 5
01741 0 2 3 4
01742 0 1 2 3 4 5
01743 0 1 2 3 4
01744 0 1 2 3 4 5
01745 0 1 2 3 4 5
01746 0 1 2 3 5
01747 0 1 2 3 5
01748 0 1 3 4
01749 0 1 2 3 4 5
01750 0 1 2 3 5
01751 0 1 2 3 4 5
01752 0 1 2 3
01753 0 1 2 3 5
01754 0 1 2 3 5
01755 0 1 2 3 5
01756 0 1 2 3 5
01757 0 1 2 3 5
01758 0 1 2 3 4
01759 0 1 2 3 5
01760 0 1 2 5
01761 0 1 2 3 4 5
01762 0 1 2 3 4 5
01763 0 1 2 3 5
01764 0 1 2 3 5
01765 0 1 2 5
01766 0 1 2 3 5
01767 0 1 2 3 5
01768 0 1 2 3 4
01769 0 1 2 3 4 5
01770 0 1 2 3 4 5
01771 0 1 2 3 4 5
01772 0 1 2 4 5
01773 0 1 2 3 5
01774 0 1 2 5
01775 0 1 2 5
01776 0 1 2 3 4
01777 0 1 2 3 4 5
01778 0 1 3 4 5
01779 0 1 2 4 5
01780 0 1 2 3 4 5
01781 0 1 2 3 4 5
01782 0 1 2 3 4 5
01783 0 1 2 4
01784 0 1 4
01785 0 1 2 3 4 5
01786 0 1 2 3 4 5
01787 0 1 3 4
01788 0 1 2 3 4 5
01789 0 1 2 3 4 5
01790 0 1 2 3 4 5
01791 0 1 2 3 4 5
01792 0 1 3 4 5
01793 0 1 2 3 5
01794 0 1 2 3 4 5
01795 0 1 2 3 4 5
01796 0 1 2 3 5
01797 0 1 3 4
01798 0 1 2 5
01799 0 1 2 3 5
01800 0 1 2 3 4 5
01801 0 1 2 3 4
01802 0 1 2 3 4 5
01803 0 1 2 3 4
01804 0 2 3 4
01805 0 1 2 3 4 5
01806 0 1 2 3 4
01807 0 1 2 3 4 5
01808 0 1 2 3 4 5
01809 0 1 2 3 5
01810 0 1 2 3 4 5
01811 0 2 3 4 5
01812 0 1 2 3 4 5
01813 0 1 2 3 4 5
01814 0 1 2 3 4 5
01815 0 1 2 4 5
01816 0 1 2 5
01817 0 1 2 3 4 5
01818 0 1 2 3
01819 0 1 2 3 4 5
01820 0 1 2 3 4 5
01821 0 1 2 3 4 5
01822 0 1 2 3 4 5
01823 0 1 2 3 5
01824 0 1 2 3 5
01825 0 1 4
01826 0 1 2 5
01827 0 1 2 3 5
01828 0 1 2 3
01829 0 1 2 3 4 5
01830 0 1 2 4
01831 0 1 2 3 4 5
01832 0 1 2 3 4 5
01833 0 1 2 3 5
01834 0 1 2 5
01835 0 1 4
01836 0 1 3 5
01837 0 1 2 3 4 5
01838 0 1 2 3 5
01839 0 1 3 5
01840 0 1 3 4 5
01841 0 1 3 4 5
01842 0 1 2 3 4 5
01843 0 1 2 3 5
01844 0 1 2 3 4
01845 0 1 2 3 4
01846 0 1 2 5
01847 0 1 2 3 4 5
01848 0 1 2 3 5
01849 0 1 3 4 5
01850 0 1 4 5
01851 0 1 3 4 5
01852 0 1 2 3 5
01853 0 1 2 3 5
01854 0 1 2 3 4 5
01855 0 1 2 4 5
01856 0 1 4 5
01857 0 1 2 3 4 5
01858 0 1 4 5
01859 0 1 4 5
01860 0 1 4 5
01861 0 1 3 4 5
01862 0 1 2 4 5
01863 0 1 4 5
01864 0 1 2 3 4 5
01865 0 1 2 4 5
01866 0 1 2 4 5
01867 0 1 2 4 5
01868 0 1 2 3 4 5
01869 0 1 2 4 5
01870 0 1 4 5
01871 0 1 3 4 5
01872 0 1 2 4 5
01873 0 1 2 3 4 5
01874 0 1 2 5
01875 0 1 2 5
01876 0 1 2 4 5
01877 0 1 2 3 5
01878 0 1 2 3 4 5
01879 0 1 2 4 5
01880 0 1 4 5
01881 0 1 3 4
01882 0 1 2 3
01883 0 1 2 3
01884 0 1 5
01885 1
01886 0 1 4 5
01887 0 1 2 4 5
01888 0 1 2 3 5
01889 0 1 2 3 4 5
01890 0 1 4 5
01891 0 1 3 4 5
01892 0 1 2 3
01893 0 1 2 3 5
01894 0 1 5
01895 0 1 5
01896 0 1 4 5
01897 0 1 2 4 5
01898 0 1 2 5
01899 0 1 2 4 5
01900 0 1 4 5
01901 0 1 2 3 4 5
01902 0 1 2 3 4 5
01903 0 1 2 3 5
01904 0 1 2 3 5
01905 0 1 2 3 5
01906 0 1 2 3 4 5
01907 0 1 2 3 4 5
01908 0 1 2 3 4 5
01909 0 1 2 4 5
01910 0 1 4 5
01911 0 1 2 4 5
01912 0 1 2 3 4 5
01913 0 1 2 3 4 5
01914 0 1 4 5
01915 0 1 2 4 5
01916 0 1 2 3 4 5
01917 0 1 2 3 4 5
01918 0 1 2 3 5
01919 0 1 2 3 5
01920 0 1 2 3 5
01921 0 1 2 4 5
01922 0 1 2 3 4 5
01923 0 1 2 3 5
01924 0 1 2 3 5
01925 0 1 2 3 5
01926 0 1 2 3 5
01927 0 1 2 3 4 5
01928 0 1 2 3 4 5
01929 0 1 2 4 5
01930 0 1 2 3 4 5
01931 0 1 2 4 5
01932 0 1 2 3 4 5
01933 0 1 2 3 5
01934 0 1 2 3 5
01935 0 1 2 3 5
01936 0 1 2 3 4 5
01937 0 1 2 3 4 5
01938 0 1 2 3 4 5
01939 0 1 2 3 4 5
01940 0 1 2 3 4 5
01941 0 1 2 3 4 5
01942 0 1 2 3 4 5
01943 0 1 2 3 4 5
01944 0 1 2 3 4 5
01945 0 1 2 3 4 5
01946 0 1 2 3 4 5
01947 0 1 2 3 4 5
01948 0 2 3 4 5
01949 0 2 3 4 5
01950 0 2 3 5
01951 0 1 4
01952 0 1 3 4 5
01953 0 3 4 5
01954 0 3 4 5
01955 0 3 4 5
01956 0 2 3 4 5
01957 0 2 3 5
01958 0 2 3
01959 2 3
01960 2 3
01961 0 1 2 3 5
01962 0 1 3 4 5
01963 0 3 4 5
01964 0 4 5
01965 0 4 5
01966 0 2 3 4 5
01967 0 2 3 5
01968 0 2 3 5
01969 0 2 3
01970 2 3
01971 0 1 2 3 5
01972 0 1 2 3 4 5
01973 0 1 2 3 4 5
01974 0 1 2 3 4 5
01975 0 1 2 4 5
01976 0 1 2 3 4 5
01977 0 2 3 5
01978 0 2 3 5
01979 0 2 3
01980 0 2 3
01981 0 1 4 5
01982 0 1 2 4 5
01983 0 1 2 3 4 5
01984 0 1 2 3 4 5
01985 0 1 2 3 5
01986 0 1 2 3 4 5
01987 0 2 3 4
01988 0 2 3
01989 0 2 3
01990 2 3
01991 0 1 2 3 4 5
01992 0 1 5
01993 0 1 3 4
01994 0 2 3 4 5
01995 0 2 3 4 5
01996 0 3
01997 0 3 5
01998 0 3 5
01999 0 2 3 5
02000 0 2 3
02001 0 1 3 4 5
02002 0 2 3 4 5
02003 0 2 3 4 5
02004 0 1 2 3 4 5
02005 0 1 2 3 4 5
02006 0 1 2 3 4 5
02007 0 1 2 3 4 5
02008 0 1 2 3 4 5
02009 0 1 2 3 4 5
02010 0 1 2 3 4 5
02011 0 1 2 3 4 5
02012 0 1 2 3 4 5
02013 0 1 2 3 4 5
02014 0 1 2 3 5
02015 0 1 2 3 5
02016 0 1 2 5
02017 0 1 2 3 5
02018 0 1 2 3 4 5
02019 0 1 2 3 5
02020 0 1 2 3 4 5
02021 0 1 2 3 4 5
02022 0 1 2 3 4 5
02023 0 1 2 3 4 5
02024 0 1 2 3 4 5
02025 0 1 2 3 4 5
02026 0 1 2 3 4 5
02027 0 1 2 3 4 5
02028 0 1 2 3 4 5
02029 0 2 3 4 5
02030 0 2 3 4 5
02031 0 1 2 3 4
02032 0 2 3 4 5
02033 0 1 2 3 4 5
02034 0 1 2 3 4 5
02035 0 1 2 3 4 5
02036 0 1 2 3 4 5
02037 0 1 2 4 5
02038 0 1 2 3 4 5
02039 0 2 3 4 5
02040 0 2 3 4
02041 0 2 3 5
02042 0 2 3 5
02043 0 1 2 3 4 5
02044 0 1 2 3 4 5
02045 0 1 2 3 5
02046 0 1 2 3 4 5
02047 0 1 2 3 4 5
02048 0 1 2 3 4 5
02049 0 2 3 4 5
02050 0 1 2 3 4 5
02051 2 3 5
02052 0 2 3
02053 0 5
02054 0 2 3 5
02055 0 1 2 3 4 5
02056 0 2 3 4 5
02057 0 1 2 3 4 5
02058 0 1 2 3 4 5
02059 0 1 2 3 4 5
02060 0 1 3 4 5
02061 0 2 3
02062 0 2 3 4
02063 0 3 4 5
02064 0 1 2 3 5
02065 0 1 2 3 4 5
02066 0 1 2 4 5
02067 0 1 2 4 5
02068 0 1 2 3 5
02069 0 1 2 3 4 5
02070 0 1 2 4 5
02071 0 2 3
02072 0 2 3
02073 0 2 3 4 5
02074 0 1 2 3 4 5
02075 0 1 2 5
02076 0 1 2 4 5
02077 0 1 2 5
02078 0 1 2 3 5
02079 0 1 2 3 5
02080 0 1 2 3 4 5
02081 0 2 3
02082 0 2 3
02083 0 1 2 3 4 5
02084 0 1 2 3 5
02085 1 2 3 5
02086 0 1 2 3 5
02087 0 1 2 3 5
02088 0 1 2 5
02089 0 1 2 5
02090 0 1 2 3 4 5
02091 0 1 2 3
02092 0 1 2 3 4 5
02093 0 2 3 4 5
02094 1 2 3 5
02095 1 2 3 5
02096 0 1 2 3 5
02097 0 2 3 5
02098 0 1 2 3 5
02099 0 1 2 3 5
02100 0 1 2 3 4 5
02101 0 1 2 3 4 5
02102 0 1 2 3 4 5
02103 0 1 2 3 5
02104 0 1 2 3 4 5
02105 0 1 2 3 4 5
02106 0 1 2 3 4 5
02107 0 1 2 3 4 5
02108 0 1 2 3 4 5
02109 0 1 2 3 4
02110 0 2 3 4
02111 0 1 2 3 4 5
02112 0 1 2 3 4 5
02113 0 1 2 3 4 5
02114 0 1 2 3 4 5
02115 0 1 2 3 4 5
02116 0 1 2 3 4 5
02117 0 2 3 4 5
02118 0 1 2 3 4 5
02119 0 1 2 3 4 5
02120 0 1 2 3 4 5
02121 0 2 3 4 5
02122 0 1 2 3 5
02123 0 1 2 3 4 5
02124 0 1 2 3 4 5
02125 0 1 2 3 4 5
02126 0 1 2 3 4 5
02127 0 1 2 4 5
02128 0 1 2 3 4 5
02129 0 2 3 4
02130 0 1 2 3 4 5
02131 2 3 5
02132 0 1 2 3 5
02133 0 1 2 3 5
02134 0 1 2 3 5
02135 0 1 2 3 4 5
02136 0 1 2 3 4 5
02137 0 1 2 4 5
02138 0 2 4
02139 0 2 4 5
02140 0 2 4 5
02141 0 1 2 3 5
02142 0 1 2 3 5
02143 0 1 2 3 5
02144 0 2 3 4 5
02145 0 1 2 3 4 5
02146 0 1 2 3 5
02147 0 1 2 3 5
02148 0 2 3 5
02149 0 2 4 5
02150 0 2 4 5
02151 0 1 4 5
02152 0 1 4 5
02153 0 1 2 3 4 5
02154 0 1 2 3 4 5
02155 0 1 2 3 4 5
02156 0 1 2 3 4 5
02157 0 1 2 3 4
02158 0 1 2 3 4 5
02159 0 1 2 3 4 5
02160 0 2 3 5
02161 0 1 2 4
02162 0 1 2 3 4 5
02163 0 1 2 3 4 5
02164 0 1 2 3 4 5
02165 0 1 2 3 4 5
02166 0 1 2 3 4 5
02167 0 1 2 3 4 5
02168 0 1 2 3 4 5
02169 0 1 2 3 5
02170 0 1 2 3 4 5
02171 0 1 2 4 5
02172 0 1 2 4 5
02173 0 1 2 3 4 5
02174 0 1 2 3 5
02175 0 1 2 3 4 5
02176 0 1 2 3 4 5
02177 0 1 2 3 4 5
02178 0 1 2 3 4 5
02179 0 1 3 4 5
02180 0 1 2 3 4 5
02181 0 1 2 3 4 5
02182 0 1 2 3 4 5
02183 0 1 2 3 4 5
02184 0 1 2 3 4 5
02185 0 2 3 4 5
02186 0 1 2 3 4 5
02187 0 1 2 3 4 5
02188 0 1 2 4 5
02189 0 1 2 3 4 5
02190 0 1 2 3 4 5
02191 0 1 2 3 4 5
02192 0 1 2 3 4 5
02193 0 1 2 3 5
02194 0 2 3 4 5
02195 0 2 4 5
02196 0 2 4 5
02197 0 1 2 3 4 5
02198 0 1 2 3 4 5
02199 0 1 3 4 5
02200 0 1 3 4
02201 0 1 2 3 4 5
02202 0 1 2 3 4 5
02203 0 1 2 5
02204 0 1 2 4 5
02205 0 1 2 4 5
02206 0 1 2 3 5
02207 0 1 2 4
02208 0 1 2 3 4 5
02209 0 1 2 3 5
02210 0 1 2 3 5
02211 0 2 3 4 5
02212 0 1 2 3 4 5
02213 0 1 2 3 4 5
02214 0 1 2 3 4 5
02215 0 1 2 3 4 5
02216 0 1 2 3 5
02217 0 1 2 3 4
02218 0 1 2 3 4 5
02219 0 1 2 5
02220 0 1 2 5
02221 0 1 2 3 5
02222 0 1 2 3 5
02223 0 1 2 3 4 5
02224 0 1 2 3 4 5
02225 0 1 2 3 4 5
02226 0 3 4 5
02227 0 1 3 4 5
02228 0 1 2 3 4 5
02229 0 1 3 5
02230 0 1 5
02231 0 1 2 3 5
02232 0 1 2 3 5
02233 0 1 2 3 5
02234 0 1 2 3 5
02235 0 1 3 4 5
02236 0
02237 0 3 4
02238 0 1 2 3 4 5
02239 0 1 3 5
02240 0 1 2 3 5
02241 0 1 4
02242 0 1 2 3 4 5
02243 0 1 2 4 5
02244 0 1 2 3 4 5
02245 0 1 2 3 4 5
02246 0 1 2 3 4 5
02247 0 1 3 4 5
02248 0 3 4 5
02249 0 1 2 3 4 5
02250 0 1 2 3 4 5
02251 0 1 2 5
02252 0 1 2 3 4 5
02253 0 1 2 3 5
02254 0 1 2 3 4 5
02255 0 1 2 3 4
02256 0 1 3 4 5
02257 0 1 2 3 4
02258 0 1 2 3 5
02259 0 1 3 4 5
02260 0 1 2 5
02261 0 1 2 3 4 5
02262 0 1 2 3 4 5
02263 0 1 2 3 4 5
02264 0 1 2 3 4
02265 0 1 2 3 5
02266 0 1 2 3 4 5
02267 0 1 2 3 4 5
02268 0 1 2 3 5
02269 0 1 2 4
02270 0 1 2 4
02271 0 1 2 3 4 5
02272 0 1 2 3 4
02273 0 1 2 3 4
02274 0 1 2 3
02275 0 2 3 5
02276 0 2 3 5
02277 0 1 2 3 5
02278 0 1 2 3 4 5
02279 0 1 2 3 5
02280 0 1 2 3 5
02281 0 1 2 3 4 5
02282 0 1 2 3 4
02283 0 1 2 3 4 5
02284 0 1 2 3 4 5
02285 0 1 2 3 4 5
02286 0 2 3 4 5
02287 0 1 2 3 4 5
02288 0 1 2 3 4 5
02289 0 1 2 3 4 5
02290 0 1 2 3 4 5
02291 0 2 3 4 5
02292 0 1 2 3 4
02293 0 1 2 4
02294 0 1 2 3 5
02295 0 1 2 3 5
02296 0 1 2 3 4 5
02297 0 2 3 4 5
02298 0 1 2 3 4 5
02299 0 1 2 3 4 5
02300 0 1 2 3 4 5
02301 0 1 2 3 4 5
02302 0 1 2 4 5
02303 0 1 2 3 5
02304 0 1 2 3 5
02305 0 1 2 3 4 5
02306 0 1 2 3 5
02307 0 1 2 3 4 5
02308 0 1 2 5
02309 0 1 2 3 5
02310 0 1 2 3 5
02311 0 1 2 3 5
02312 0 1 2 3 4 5
02313 0 1 2 3 5
02314 0 1 2 5
02315 0 1 2 5
02316 0 1 3 5
02317 0 1 2 3 5
02318 0 1 5
02319 0 1 2 3 5
02320 0 1 2 3 4 5
02321 0 1 3 5
02322 0 1 3 4 5
02323 0 1 2 3 4 5
02324 0 1 2 5
02325 0 1 2 3 5
02326 0 1 3 4 5
02327 0 1 2 3 4 5
02328 0 1 2 3 4 5
02329 0 1 2 3 4 5
02330 0 1 3 4 5
02331 0 1 2 3 5
02332 0 1 2 3 4 5
02333 0 1 2 4
02334 0 1 2 3 5
02335 0 1 2 3 5
02336 0 1 2 3 4 5
02337 0 1 2 3 5
02338 0 1 2 3 5
02339 0 1 2 3 4 5
02340 0 1 3 4 5
02341 0 1 2 3 5
02342 0 1 2 3 5
02343 0 1 4 5
02344 0 1 2 5
02345 0 1 2 3 5
02346 0 1 2 3 4 5
02347 0 1 2 4 5
02348 0 1 2 3 4 5
02349 0 1 2 3 4
02350 0 1 3 4 5
02351 0 1 2 5
02352 0 1 2 5
02353 0 1 2 4 5
02354 0 1 2 4 5
02355 0 1 2 4
02356 0 1 4
02357 0 1 2 3 4 5
02358 0 1 2 3 5
02359 0 1 2 3 4 5
02360 0 1 2 3 4 5
02361 0 1 2 3 4 5
02362 0 1 2 3 4 5
02363 0 1 2 3 4 5
02364 0 1 2 3 5
02365 0 1 2 3 4 5
02366 0 1 4
02367 0 1 2 3 4 5
02368 0 1 2 3 5
02369 0 1 2 3 4 5
02370 0 1 2 3 4 5
02371 0 1 2 3 5
02372 0 1 2 3 5
02373 0 1 2 3 5
02374 0 1 2 3 4 5
02375 0 1 2 3 4
02376 0 1 3 4 5
02377 0 1 4 5
02378 0 1 4
02379 0 1 2 3 4 5
02380 0 1 2 3 4 5
02381 0 2 5
02382 0 1 2 5
02383 0 1 2 3
02384 0 1 2 3 5
02385 0 1 3 4
02386 0 1 2 3 5
02387 0 1 3 5
02388 0 1 3 5
02389 0 1 3 4 5
02390 0 1 2 3 4
02391 5
02392 0 1 2 3 5
02393 0 1 2 3 5
02394 0 1 2 3 4 5
02395 0 1 2 3 4 5
02396 0 1 2 3 4 5
02397 0 1 2 3 5
02398 0 1 2 3 5
02399 0 1 2 3 5
02400 0 1 2 3 4 5